3 0.133510 0.703105 0.072887 0.252264
3 0.297763 0.711514 0.076994 0.261320
3 0.460477 0.710220 0.073914 0.271669
3 0.618057 0.703105 0.070834 0.260026
3 0.775637 0.703105 0.073914 0.249677
0 0.525151 0.720569 0.061595 0.442432
1 0.769991 0.450194 0.079047 0.085382
1 0.618057 0.445019 0.081100 0.090556
1 0.462530 0.441138 0.080073 0.090556
1 0.302383 0.437257 0.078020 0.085382
1 0.135563 0.439845 0.083153 0.085382
5 0.138130 0.313066 0.075967 0.150065
5 0.301356 0.316300 0.073914 0.143596
5 0.459450 0.318241 0.069808 0.139715
5 0.614464 0.322122 0.071861 0.144890
5 0.767425 0.326649 0.069808 0.146184