3 0.159958 0.719276 0.067579 0.230272
3 0.316034 0.721863 0.062216 0.238034
3 0.637304 0.723157 0.080452 0.245796
3 0.795525 0.725097 0.077233 0.249677
1 0.465674 0.738680 0.046126 0.375162
1 0.792307 0.469599 0.083670 0.093144
1 0.627650 0.465071 0.076161 0.078913
1 0.475865 0.468952 0.077233 0.076326
1 0.318179 0.468305 0.066507 0.072445
1 0.163712 0.473480 0.075088 0.082794
5 0.163712 0.351229 0.064361 0.153946
5 0.319789 0.355757 0.067579 0.144890
5 0.475865 0.353816 0.070797 0.141009
5 0.631404 0.352523 0.077233 0.148771
5 0.792307 0.351229 0.081524 0.143596