3 0.286595 0.676585 0.072024 0.292367
3 0.599144 0.681113 0.083584 0.335058
3 0.784095 0.683700 0.090697 0.347995
3 0.435979 0.681113 0.080916 0.316947
3 0.146548 0.675291 0.062243 0.287193
1 0.424419 0.346701 0.086251 0.121604
1 0.597811 0.326003 0.091586 0.119017
1 0.788541 0.314360 0.096032 0.124191
1 0.263921 0.354463 0.090697 0.113842
1 0.120762 0.364812 0.080027 0.116429
5 0.114093 0.216688 0.075581 0.179819
5 0.260364 0.190168 0.078248 0.194049
5 0.423530 0.173351 0.086251 0.204398
5 0.595588 0.152652 0.090697 0.217335
5 0.790764 0.133247 0.098700 0.230272
0 0.338168 0.680466 0.089808 0.494179